INSIDE INIT
SUCCESSFUL IMPORT IN INIT
num of top string PLUs:  10
num of bottom string PLUs:  8


[[3, 4, 4, 2, 1, 1, 3, 3]]
8
Creating phone loop model...
Running VB optimization...
before update natural_params: [ 0.  0.  0.  0.  0.  0.  0.  0.  0.  0.  0.]
before update grad_log_partition: [-2.92896825 -2.92896825 -2.92896825 -2.92896825 -2.92896825 -2.92896825
 -2.92896825 -2.92896825 -2.92896825 -2.92896825 -2.92896825]
after update natural_params: [  6.75368213e+00   1.27489472e-02   4.80990253e+00   1.94828123e-02
   1.39091337e-03   5.54868628e-02   7.57896386e-02   1.26222500e+01
   3.02275862e-01   4.67852253e-03   2.36594403e-01]
after update grad_log_partition: [-1.58428504 -4.1230212  -1.89554128 -4.1121997  -4.14151358 -4.0560523
 -4.02559563 -0.99203256 -3.73319614 -4.13612956 -3.81020843]
before update natural_params: [ 0.  0.  0.  0.  0.  0.  0.  0.  0.  0.  0.]
before update grad_log_partition: [-2.92896825 -2.92896825 -2.92896825 -2.92896825 -2.92896825 -2.92896825
 -2.92896825 -2.92896825 -2.92896825 -2.92896825 -2.92896825]
after update natural_params: [  3.51182010e+01   3.11203322e-02   8.66681127e+00   1.53423553e-01
   4.27040445e-02   1.30788920e+01   3.77909359e-01   2.97272632e+01
   3.31988960e-01   8.15064676e-02   4.55423356e+01]
after update grad_log_partition: [-1.3945072  -5.49455407 -2.75131249 -5.31712656 -5.47647827 -2.35865452
 -5.0516768  -1.55860695 -5.1009045  -5.41798167 -1.13781585]
before update natural_params: [ 0.  0.  0.  0.  0.  0.  0.  0.  0.  0.  0.]
before update grad_log_partition: [-2.92896825 -2.92896825 -2.92896825 -2.92896825 -2.92896825 -2.92896825
 -2.92896825 -2.92896825 -2.92896825 -2.92896825 -2.92896825]
after update natural_params: [  2.03428589e+01   2.91033853e-01   2.79596590e+01   1.55896065e-01
   2.78382458e-01   7.31716598e-02   8.97331032e-01   1.00649839e+02
   5.78583833e-01   9.56129237e-01   1.14818970e+01]
after update grad_log_partition: [-2.12289598 -5.33941248 -1.8114642  -5.50642504 -5.35399804 -5.62289599
 -4.80565689 -0.54339621 -5.0525033  -4.76590864 -2.67631644]
before update natural_params: [ 0.  0.  0.  0.  0.  0.  0.  0.  0.  0.  0.]
before update grad_log_partition: [-2.92896825 -2.92896825 -2.92896825 -2.92896825 -2.92896825 -2.92896825
 -2.92896825 -2.92896825 -2.92896825 -2.92896825 -2.92896825]
after update natural_params: [  2.21597716e+01   1.82103949e-01   8.31719466e+00   2.96442182e-03
   4.12629274e-03   6.85095111e+00   8.81770420e-01   2.67124057e+01
   3.63982699e-02   2.09927204e-02   1.22910947e+01]
after update grad_log_partition: [-1.35621268 -4.78884575 -2.29964647 -5.0492349  -5.04733356 -2.48128666
 -4.13331902 -1.17315576 -4.99576998 -5.02008893 -1.92788138]
elbo=-26.5740891596 time=0.8376669883728027
before update natural_params: [  6.75368213e+00   1.27489472e-02   4.80990253e+00   1.94828123e-02
   1.39091337e-03   5.54868628e-02   7.57896386e-02   1.26222500e+01
   3.02275862e-01   4.67852253e-03   2.36594403e-01]
before update grad_log_partition: [-1.58428504 -4.1230212  -1.89554128 -4.1121997  -4.14151358 -4.0560523
 -4.02559563 -0.99203256 -3.73319614 -4.13612956 -3.81020843]
after update natural_params: [  1.47015961e+019   1.60023890e+201   4.32891228e+000   2.81921386e+004
   1.25182203e-003   4.99381765e-002   1.54747921e+201   1.13600250e+001
   6.62810274e+004   4.21067028e-003   2.12934963e-001]
after update grad_log_partition: [-419.83179373   -0.67652485 -462.38988649 -453.7194653  -464.54143986
 -464.46422121   -0.71005049 -461.49281212 -452.86461496 -464.5365921
 -464.23905038]
before update natural_params: [  3.51182010e+01   3.11203322e-02   8.66681127e+00   1.53423553e-01
   4.27040445e-02   1.30788920e+01   3.77909359e-01   2.97272632e+01
   3.31988960e-01   8.15064676e-02   4.55423356e+01]
before update grad_log_partition: [-1.3945072  -5.49455407 -2.75131249 -5.31712656 -5.47647827 -2.35865452
 -5.0516768  -1.55860695 -5.1009045  -5.41798167 -1.13781585]
after update natural_params: [  1.42630121e+120   2.59022105e+016   7.80013014e+000   8.42331280e+042
   4.71145090e+061   1.34649353e+120   2.83873104e+200   2.67545369e+001
   2.83905229e+043   1.35871926e+062   7.77526275e+120]
after update grad_log_partition: [-184.89508005 -423.76727103 -459.44350125 -362.72079863 -319.55268915
 -184.95266075    0.         -458.25509966 -361.50574644 -318.49355743
 -183.19921732]
before update natural_params: [  2.03428589e+01   2.91033853e-01   2.79596590e+01   1.55896065e-01
   2.78382458e-01   7.31716598e-02   8.97331032e-01   1.00649839e+02
   5.78583833e-01   9.56129237e-01   1.14818970e+01]
before update grad_log_partition: [-2.12289598 -5.33941248 -1.8114642  -5.50642504 -5.35399804 -5.62289599
 -4.80565689 -0.54339621 -5.0525033  -4.76590864 -2.67631644]
after update natural_params: [  6.09659791e+016   1.12827251e+017   2.51636931e+001   5.17991047e+003
   2.50544212e-001   6.58544938e-002   8.33926990e+017   9.05848547e+001
   5.80986330e+042   5.07586081e+061   5.18804834e+119]
after update grad_log_partition: [-237.00489127 -236.38934936 -272.40884313 -267.10134408 -275.88078578
 -276.12779532 -234.3890614  -271.14218709 -177.1858527  -133.57179685
    0.        ]
before update natural_params: [  2.21597716e+01   1.82103949e-01   8.31719466e+00   2.96442182e-03
   4.12629274e-03   6.85095111e+00   8.81770420e-01   2.67124057e+01
   3.63982699e-02   2.09927204e-02   1.22910947e+01]
before update grad_log_partition: [-1.35621268 -4.78884575 -2.29964647 -5.0492349  -5.04733356 -2.48128666
 -4.13331902 -1.17315576 -4.99576998 -5.02008893 -1.92788138]
after update natural_params: [  2.94342229e+120   8.79692439e+200   7.48547519e+000   9.39281599e+042
   6.18418913e+061   6.37434718e+119   3.89443391e+201   2.40411652e+001
   1.03005834e+043   6.57616831e+061   9.24115519e+119]
after update grad_log_partition: [ -1.86993031e+02  -1.69139393e+00  -4.62304539e+02  -3.65434296e+02
  -3.22103128e+02  -1.88522907e+02  -2.03662663e-01  -4.61182394e+02
  -3.65342040e+02  -3.22041672e+02  -1.88151522e+02]
elbo=-10170.4944608 time=1.6609680652618408
before update natural_params: [  1.47015961e+019   1.60023890e+201   4.32891228e+000   2.81921386e+004
   1.25182203e-003   4.99381765e-002   1.54747921e+201   1.13600250e+001
   6.62810274e+004   4.21067028e-003   2.12934963e-001]
before update grad_log_partition: [-419.83179373   -0.67652485 -462.38988649 -453.7194653  -464.54143986
 -464.46422121   -0.71005049 -461.49281212 -452.86461496 -464.5365921
 -464.23905038]
after update natural_params: [  1.32314365e+019   1.44021501e+201   3.89602105e+000   2.53729247e+004
   1.12663983e-003   4.49443589e-002   1.39273129e+201   1.02240225e+001
   5.96529246e+004   3.78960325e-003   1.91641466e-001]
after update grad_log_partition: [-419.83179373   -0.67652485 -462.37808405 -453.71946332 -464.4362849
 -464.36654006   -0.71005049 -461.48807289 -452.86461412 -464.43192018
 -464.16060622]
before update natural_params: [  1.42630121e+120   2.59022105e+016   7.80013014e+000   8.42331280e+042
   4.71145090e+061   1.34649353e+120   2.83873104e+200   2.67545369e+001
   2.83905229e+043   1.35871926e+062   7.77526275e+120]
before update grad_log_partition: [-184.89508005 -423.76727103 -459.44350125 -362.72079863 -319.55268915
 -184.95266075    0.         -458.25509966 -361.50574644 -318.49355743
 -183.19921732]
after update natural_params: [  1.28367109e+120   2.33119894e+016   7.02011712e+000   7.58098152e+042
   4.24030581e+061   1.21184417e+120   2.55485793e+200   2.40790832e+001
   2.55514706e+043   1.22284733e+062   6.99773647e+120]
after update grad_log_partition: [-184.89508005 -423.76727103 -459.43669898 -362.72079863 -319.55268915
 -184.95266075    0.         -458.25305046 -361.50574644 -318.49355743
 -183.19921732]
before update natural_params: [  6.09659791e+016   1.12827251e+017   2.51636931e+001   5.17991047e+003
   2.50544212e-001   6.58544938e-002   8.33926990e+017   9.05848547e+001
   5.80986330e+042   5.07586081e+061   5.18804834e+119]
before update grad_log_partition: [-237.00489127 -236.38934936 -272.40884313 -267.10134408 -275.88078578
 -276.12779532 -234.3890614  -271.14218709 -177.1858527  -133.57179685
    0.        ]
after update natural_params: [  5.48693812e+016   1.01544526e+017   2.26473238e+001   4.66191942e+003
   2.25489791e-001   5.92690444e-002   7.50534291e+017   8.15263692e+001
   5.22887697e+042   4.56827473e+061   4.66924351e+119]
after update grad_log_partition: [-237.00489127 -236.38934936 -272.40666622 -267.10133335 -275.80582923
 -276.03235449 -234.3890614  -271.14157617 -177.1858527  -133.57179685
    0.        ]
before update natural_params: [  2.94342229e+120   8.79692439e+200   7.48547519e+000   9.39281599e+042
   6.18418913e+061   6.37434718e+119   3.89443391e+201   2.40411652e+001
   1.03005834e+043   6.57616831e+061   9.24115519e+119]
before update grad_log_partition: [ -1.86993031e+02  -1.69139393e+00  -4.62304539e+02  -3.65434296e+02
  -3.22103128e+02  -1.88522907e+02  -2.03662663e-01  -4.61182394e+02
  -3.65342040e+02  -3.22041672e+02  -1.88151522e+02]
after update natural_params: [  2.64908006e+120   7.91723195e+200   6.73692767e+000   8.45353439e+042
   5.56577022e+061   5.73691247e+119   3.50499052e+201   2.16370486e+001
   9.27052509e+042   5.91855148e+061   8.31703967e+119]
after update grad_log_partition: [ -1.86993031e+02  -1.69139393e+00  -4.62297464e+02  -3.65434296e+02
  -3.22103128e+02  -1.88522907e+02  -2.03662663e-01  -4.61180117e+02
  -3.65342040e+02  -3.22041672e+02  -1.88151522e+02]
elbo=4.37698173738e+186 time=2.5279059410095215
VB optimization took  2.527941942214966  seconds.
