18,(18, 0)
18,(18, 0)
18,(18, 0)
18,(18, 0)
18,(18, 0)
18,(18, 0)
18,(18, 0)
18,(18, 0)
18,(18, 0)
18,(18, 0)
18,(18, 0)
18,(18, 0)
18,(18, 0)
18,(18, 0)
18,(18, 0)
18,(18, 0)
18,(18, 0)
18,(18, 0)
6,(6, 1)
6,(6, 1)
6,(6, 1)
6,(6, 1)
6,(6, 1)
6,(6, 1)
6,(6, 1)
3,(3, 2)
3,(3, 2)
3,(3, 2)
19,(19, 3)
19,(19, 3)
19,(19, 3)
19,(19, 3)
19,(19, 3)
19,(19, 3)
19,(19, 3)
19,(19, 3)
19,(19, 3)
19,(19, 3)
13,(13, 4)
13,(13, 4)
13,(13, 4)
13,(13, 4)
13,(13, 4)
13,(13, 4)
3,(3, 5)
3,(3, 5)
3,(3, 5)
3,(3, 5)
3,(3, 5)
3,(3, 5)
13,(13, 6)
13,(13, 6)
13,(13, 6)
13,(13, 6)
13,(13, 6)
13,(13, 6)
13,(13, 6)
13,(13, 6)
7,(7, 7)
7,(7, 7)
7,(7, 7)
7,(7, 7)
7,(7, 7)
7,(7, 7)
7,(7, 7)
7,(7, 7)
7,(7, 7)
7,(7, 7)
7,(7, 7)
7,(7, 7)
7,(7, 7)
7,(7, 7)
18,(18, 8)
18,(18, 8)
18,(18, 8)
18,(18, 8)
18,(18, 8)
5,(5, 9)
5,(5, 9)
5,(5, 9)
5,(5, 9)
5,(5, 9)
5,(5, 9)
1,(1, 10)
1,(1, 10)
1,(1, 10)
1,(1, 10)
1,(1, 10)
1,(1, 10)
1,(1, 10)
18,(18, 11)
18,(18, 11)
18,(18, 11)
18,(18, 11)
18,(18, 11)
18,(18, 11)
18,(18, 11)
18,(18, 11)
18,(18, 11)
18,(18, 11)
18,(18, 11)
18,(18, 11)
18,(18, 11)
18,(18, 11)
18,(18, 11)
18,(18, 11)
18,(18, 11)
18,(18, 11)
18,(18, 11)
18,(18, 11)
12,(12, 12)
12,(12, 12)
12,(12, 12)
12,(12, 12)
12,(12, 12)
12,(12, 12)
12,(12, 12)
12,(12, 12)
12,(12, 12)
12,(12, 12)
7,(7, 13)
7,(7, 13)
7,(7, 13)
7,(7, 13)
19,(19, 14)
19,(19, 14)
19,(19, 14)
19,(19, 14)
19,(19, 14)
19,(19, 14)
19,(19, 14)
19,(19, 14)
19,(19, 14)
1,(1, 15)
1,(1, 15)
1,(1, 15)
1,(1, 15)
1,(1, 15)
7,(7, 16)
7,(7, 16)
7,(7, 16)
7,(7, 16)
7,(7, 16)
18,(18, 17)
18,(18, 17)
18,(18, 17)
18,(18, 17)
18,(18, 17)
14,(14, 18)
14,(14, 18)
14,(14, 18)
14,(14, 18)
14,(14, 18)
14,(14, 18)
14,(14, 18)
3,(3, 19)
3,(3, 19)
3,(3, 19)
3,(3, 19)
3,(3, 19)
19,(19, 20)
19,(19, 20)
19,(19, 20)
19,(19, 20)
19,(19, 20)
19,(19, 20)
19,(19, 20)
19,(19, 20)
19,(19, 20)
18,(18, 21)
18,(18, 21)
18,(18, 21)
18,(18, 21)
18,(18, 21)
18,(18, 21)
18,(18, 21)
18,(18, 21)
18,(18, 21)
14,(14, 22)
14,(14, 22)
14,(14, 22)
14,(14, 22)
14,(14, 22)
14,(14, 22)
14,(14, 22)
14,(14, 22)
14,(14, 22)
2,(2, 23)
2,(2, 23)
2,(2, 23)
2,(2, 23)
2,(2, 23)
2,(2, 23)
2,(2, 23)
2,(2, 23)
2,(2, 23)
2,(2, 23)
2,(2, 23)
2,(2, 23)
2,(2, 23)
2,(2, 23)
2,(2, 23)
12,(12, 24)
12,(12, 24)
12,(12, 24)
12,(12, 24)
12,(12, 24)
12,(12, 24)
12,(12, 24)
12,(12, 24)
12,(12, 24)
12,(12, 24)
5,(5, 25)
5,(5, 25)
5,(5, 25)
5,(5, 25)
5,(5, 25)
5,(5, 25)
5,(5, 25)
5,(5, 25)
5,(5, 25)
5,(5, 25)
5,(5, 25)
5,(5, 25)
5,(5, 25)
5,(5, 25)
5,(5, 25)
5,(5, 25)
5,(5, 25)
5,(5, 25)
5,(5, 25)
5,(5, 25)
5,(5, 25)
5,(5, 25)
5,(5, 25)
5,(5, 25)
5,(5, 25)
5,(5, 25)
5,(5, 25)
5,(5, 25)
3,(3, 26)
3,(3, 26)
3,(3, 26)
1,(1, 27)
1,(1, 27)
1,(1, 27)
1,(1, 27)
1,(1, 27)
1,(1, 27)
1,(1, 27)
1,(1, 27)
1,(1, 27)
1,(1, 27)
1,(1, 27)
1,(1, 27)
1,(1, 27)
1,(1, 28)
1,(1, 28)
1,(1, 28)
1,(1, 28)
1,(1, 28)
1,(1, 28)
1,(1, 28)
1,(1, 28)
1,(1, 29)
1,(1, 29)
1,(1, 29)
1,(1, 29)
1,(1, 29)
1,(1, 29)
1,(1, 29)
1,(1, 29)
1,(1, 29)
1,(1, 29)
11,(11, 30)
11,(11, 30)
11,(11, 30)
11,(11, 30)
11,(11, 30)
11,(11, 30)
11,(11, 30)
18,(18, 31)
18,(18, 31)
18,(18, 31)
18,(18, 31)
